4.35763 3.04385
4.67751 3.04385
4.96361 3.04385
5.21951 3.04385
5.4484 3.04385
5.65312 3.04385
5.83622 3.04385
8.4299 3.04385
8.78958 3.04385
9.09051 3.04385
9.34228 3.04385
9.55293 3.04385
9.72917 3.04385
9.87663 3.04385
4.35763 3.09385
4.67751 3.09385
4.96361 3.09385
5.21951 3.09385
5.4484 3.09385
5.65312 3.09385
5.83622 3.09385
8.4299 3.09385
8.78958 3.09385
9.09051 3.09385
9.34228 3.09385
9.55293 3.09385
9.72917 3.09385
9.87663 3.09385
4.35763 3.15086
4.67751 3.15086
4.96361 3.15086
5.21951 3.15086
5.4484 3.15086
5.65312 3.15086
5.83622 3.15086
8.4299 3.15086
8.78958 3.15086
9.09051 3.15086
9.34228 3.15086
9.55293 3.15086
9.72917 3.15086
9.87663 3.15086
4.35763 3.21586
4.67751 3.21586
4.96361 3.21586
5.21951 3.21586
5.4484 3.21586
5.65312 3.21586
5.83622 3.21586
8.4299 3.21586
8.78958 3.21586
9.09051 3.21586
9.34228 3.21586
9.55293 3.21586
9.72917 3.21586
9.87663 3.21586
4.35763 3.28998
4.67751 3.28998
4.96361 3.28998
5.21951 3.28998
5.4484 3.28998
5.65312 3.28998
5.83622 3.28998
8.4299 3.28998
8.78958 3.28998
9.09051 3.28998
9.34228 3.28998
9.55293 3.28998
9.72917 3.28998
9.87663 3.28998
4.35763 3.37448
4.67751 3.37448
4.96361 3.37448
5.21951 3.37448
5.4484 3.37448
5.65312 3.37448
5.83622 3.37448
8.4299 3.37448
8.78958 3.37448
9.09051 3.37448
9.34228 3.37448
9.55293 3.37448
9.72917 3.37448
9.87663 3.37448
4.35763 3.47082
4.67751 3.47082
4.96361 3.47082
5.21951 3.47082
5.4484 3.47082
5.65312 3.47082
5.83622 3.47082
8.4299 3.47082
8.78958 3.47082
9.09051 3.47082
9.34228 3.47082
9.55293 3.47082
9.72917 3.47082
9.87663 3.47082
4.35763 3.58067
4.67751 3.58067
4.96361 3.58067
5.21951 3.58067
5.4484 3.58067
5.65312 3.58067
5.83622 3.58067
8.4299 3.58067
8.78958 3.58067
9.09051 3.58067
9.34228 3.58067
9.55293 3.58067
9.72917 3.58067
9.87663 3.58067
4.35763 3.70592
4.67751 3.70592
4.96361 3.70592
5.21951 3.70592
5.4484 3.70592
5.65312 3.70592
5.83622 3.70592
8.4299 3.70592
8.78958 3.70592
9.09051 3.70592
9.34228 3.70592
9.55293 3.70592
9.72917 3.70592
9.87663 3.70592
4.35763 3.84873
4.67751 3.84873
4.96361 3.84873
5.21951 3.84873
5.4484 3.84873
5.65312 3.84873
5.83622 3.84873
8.4299 3.84873
8.78958 3.84873
9.09051 3.84873
9.34228 3.84873
9.55293 3.84873
9.72917 3.84873
9.87663 3.84873
4.35763 4.01155
4.67751 4.01155
4.96361 4.01155
5.21951 4.01155
5.4484 4.01155
5.65312 4.01155
5.83622 4.01155
8.4299 4.01155
8.78958 4.01155
9.09051 4.01155
9.34228 4.01155
9.55293 4.01155
9.72917 4.01155
9.87663 4.01155
4.35763 4.1972
4.67751 4.1972
4.96361 4.1972
5.21951 4.1972
5.4484 4.1972
5.65312 4.1972
5.83622 4.1972
8.4299 4.1972
8.78958 4.1972
9.09051 4.1972
9.34228 4.1972
9.55293 4.1972
9.72917 4.1972
9.87663 4.1972
4.35763 4.40887
4.67751 4.40887
4.96361 4.40887
5.21951 4.40887
5.4484 4.40887
5.65312 4.40887
5.83622 4.40887
8.4299 4.40887
8.78958 4.40887
9.09051 4.40887
9.34228 4.40887
9.55293 4.40887
9.72917 4.40887
9.87663 4.40887
4.35763 4.65022
4.67751 4.65022
4.96361 4.65022
5.21951 4.65022
5.4484 4.65022
5.65312 4.65022
5.83622 4.65022
8.4299 4.65022
8.78958 4.65022
9.09051 4.65022
9.34228 4.65022
9.55293 4.65022
9.72917 4.65022
9.87663 4.65022
4.35763 4.92539
4.67751 4.92539
4.96361 4.92539
5.21951 4.92539
5.4484 4.92539
5.65312 4.92539
5.83622 4.92539
8.4299 4.92539
8.78958 4.92539
9.09051 4.92539
9.34228 4.92539
9.55293 4.92539
9.72917 4.92539
9.87663 4.92539
4.35763 5.23913
4.67751 5.23913
4.96361 5.23913
5.21951 5.23913
5.4484 5.23913
5.65312 5.23913
5.83622 5.23913
8.4299 5.23913
8.78958 5.23913
9.09051 5.23913
9.34228 5.23913
9.55293 5.23913
9.72917 5.23913
9.87663 5.23913
4.35763 5.59686
4.67751 5.59686
4.96361 5.59686
5.21951 5.59686
5.4484 5.59686
5.65312 5.59686
5.83622 5.59686
8.4299 5.59686
8.78958 5.59686
9.09051 5.59686
9.34228 5.59686
9.55293 5.59686
9.72917 5.59686
9.87663 5.59686
4.35763 6.00473
4.67751 6.00473
4.96361 6.00473
5.21951 6.00473
5.4484 6.00473
5.65312 6.00473
5.83622 6.00473
8.4299 6.00473
8.78958 6.00473
9.09051 6.00473
9.34228 6.00473
9.55293 6.00473
9.72917 6.00473
9.87663 6.00473
4.35763 6.46977
4.67751 6.46977
4.96361 6.46977
5.21951 6.46977
5.4484 6.46977
5.65312 6.46977
5.83622 6.46977
8.4299 6.46977
8.78958 6.46977
9.09051 6.46977
9.34228 6.46977
9.55293 6.46977
9.72917 6.46977
9.87663 6.46977
4.35763 7
4.67751 7
4.96361 7
5.21951 7
5.4484 7
5.65312 7
5.83622 7
8.4299 7
8.78958 7
9.09051 7
9.34228 7
9.55293 7
9.72917 7
9.87663 7
