2 1
2.06817 1
2.15166 1
2.25391 1
2.37915 1
2.53253 1
2.72038 1
2.95045 1
3.23223 1
3.57733 1
4 1
4.35763 1
4.67751 1
4.96361 1
5.21951 1
5.4484 1
5.65312 1
5.83622 1
6 1
6.12826 1
6.26876 1
6.42267 1
6.59127 1
6.77596 1
6.97828 1
7.19992 1
7.4427 1
7.70866 1
8 1
8.4299 1
8.78958 1
9.09051 1
9.34228 1
9.55293 1
9.72917 1
9.87663 1
10 1
10.1033 1
10.2212 1
10.3555 1
10.5087 1
10.6833 1
10.8824 1
11.1095 1
11.3683 1
11.6635 1
12 1
2 1.1778
12 1.1778
2 1.37258
12 1.37258
2 1.58594
12 1.58594
2 1.81967
12 1.81967
2 2.07571
12 2.07571
2 2.35618
12 2.35618
2 2.66343
12 2.66343
2 3
4.35763 3
4.67751 3
4.96361 3
5.21951 3
5.4484 3
5.65312 3
5.83622 3
8.4299 3
8.78958 3
9.09051 3
9.34228 3
9.55293 3
9.72917 3
9.87663 3
12 3
2 3.04385
4 3.04385
6 3.04385
8 3.04385
10 3.04385
12 3.04385
2 3.09385
4 3.09385
6 3.09385
8 3.09385
10 3.09385
12 3.09385
2 3.15086
4 3.15086
6 3.15086
8 3.15086
10 3.15086
12 3.15086
2 3.21586
4 3.21586
6 3.21586
8 3.21586
10 3.21586
12 3.21586
2 3.28998
4 3.28998
6 3.28998
8 3.28998
10 3.28998
12 3.28998
2 3.37448
4 3.37448
6 3.37448
8 3.37448
10 3.37448
12 3.37448
2 3.47082
4 3.47082
6 3.47082
8 3.47082
10 3.47082
12 3.47082
2 3.58067
4 3.58067
6 3.58067
8 3.58067
10 3.58067
12 3.58067
2 3.70592
4 3.70592
6 3.70592
8 3.70592
10 3.70592
12 3.70592
2 3.84873
4 3.84873
6 3.84873
8 3.84873
10 3.84873
12 3.84873
2 4.01155
4 4.01155
6 4.01155
8 4.01155
10 4.01155
12 4.01155
2 4.1972
4 4.1972
6 4.1972
8 4.1972
10 4.1972
12 4.1972
2 4.40887
4 4.40887
6 4.40887
8 4.40887
10 4.40887
12 4.40887
2 4.65022
4 4.65022
6 4.65022
8 4.65022
10 4.65022
12 4.65022
2 4.92539
4 4.92539
6 4.92539
8 4.92539
10 4.92539
12 4.92539
2 5.23913
4 5.23913
6 5.23913
8 5.23913
10 5.23913
12 5.23913
2 5.59686
4 5.59686
6 5.59686
8 5.59686
10 5.59686
12 5.59686
2 6.00473
4 6.00473
6 6.00473
8 6.00473
10 6.00473
12 6.00473
2 6.46977
4 6.46977
6 6.46977
8 6.46977
10 6.46977
12 6.46977
2 7
2.06817 7
2.15166 7
2.25391 7
2.37915 7
2.53253 7
2.72038 7
2.95045 7
3.23223 7
3.57733 7
4 7
6 7
6.12826 7
6.26876 7
6.42267 7
6.59127 7
6.77596 7
6.97828 7
7.19992 7
7.4427 7
7.70866 7
8 7
10 7
10.1033 7
10.2212 7
10.3555 7
10.5087 7
10.6833 7
10.8824 7
11.1095 7
11.3683 7
11.6635 7
12 7
