2.06817 1.1778
2.15166 1.1778
2.25391 1.1778
2.37915 1.1778
2.53253 1.1778
2.72038 1.1778
2.95045 1.1778
3.23223 1.1778
3.57733 1.1778
4 1.1778
4.35763 1.1778
4.67751 1.1778
4.96361 1.1778
5.21951 1.1778
5.4484 1.1778
5.65312 1.1778
5.83622 1.1778
6 1.1778
6.12826 1.1778
6.26876 1.1778
6.42267 1.1778
6.59127 1.1778
6.77596 1.1778
6.97828 1.1778
7.19992 1.1778
7.4427 1.1778
7.70866 1.1778
8 1.1778
8.4299 1.1778
8.78958 1.1778
9.09051 1.1778
9.34228 1.1778
9.55293 1.1778
9.72917 1.1778
9.87663 1.1778
10 1.1778
10.1033 1.1778
10.2212 1.1778
10.3555 1.1778
10.5087 1.1778
10.6833 1.1778
10.8824 1.1778
11.1095 1.1778
11.3683 1.1778
11.6635 1.1778
2.06817 1.37258
2.15166 1.37258
2.25391 1.37258
2.37915 1.37258
2.53253 1.37258
2.72038 1.37258
2.95045 1.37258
3.23223 1.37258
3.57733 1.37258
4 1.37258
4.35763 1.37258
4.67751 1.37258
4.96361 1.37258
5.21951 1.37258
5.4484 1.37258
5.65312 1.37258
5.83622 1.37258
6 1.37258
6.12826 1.37258
6.26876 1.37258
6.42267 1.37258
6.59127 1.37258
6.77596 1.37258
6.97828 1.37258
7.19992 1.37258
7.4427 1.37258
7.70866 1.37258
8 1.37258
8.4299 1.37258
8.78958 1.37258
9.09051 1.37258
9.34228 1.37258
9.55293 1.37258
9.72917 1.37258
9.87663 1.37258
10 1.37258
10.1033 1.37258
10.2212 1.37258
10.3555 1.37258
10.5087 1.37258
10.6833 1.37258
10.8824 1.37258
11.1095 1.37258
11.3683 1.37258
11.6635 1.37258
2.06817 1.58594
2.15166 1.58594
2.25391 1.58594
2.37915 1.58594
2.53253 1.58594
2.72038 1.58594
2.95045 1.58594
3.23223 1.58594
3.57733 1.58594
4 1.58594
4.35763 1.58594
4.67751 1.58594
4.96361 1.58594
5.21951 1.58594
5.4484 1.58594
5.65312 1.58594
5.83622 1.58594
6 1.58594
6.12826 1.58594
6.26876 1.58594
6.42267 1.58594
6.59127 1.58594
6.77596 1.58594
6.97828 1.58594
7.19992 1.58594
7.4427 1.58594
7.70866 1.58594
8 1.58594
8.4299 1.58594
8.78958 1.58594
9.09051 1.58594
9.34228 1.58594
9.55293 1.58594
9.72917 1.58594
9.87663 1.58594
10 1.58594
10.1033 1.58594
10.2212 1.58594
10.3555 1.58594
10.5087 1.58594
10.6833 1.58594
10.8824 1.58594
11.1095 1.58594
11.3683 1.58594
11.6635 1.58594
2.06817 1.81967
2.15166 1.81967
2.25391 1.81967
2.37915 1.81967
2.53253 1.81967
2.72038 1.81967
2.95045 1.81967
3.23223 1.81967
3.57733 1.81967
4 1.81967
4.35763 1.81967
4.67751 1.81967
4.96361 1.81967
5.21951 1.81967
5.4484 1.81967
5.65312 1.81967
5.83622 1.81967
6 1.81967
6.12826 1.81967
6.26876 1.81967
6.42267 1.81967
6.59127 1.81967
6.77596 1.81967
6.97828 1.81967
7.19992 1.81967
7.4427 1.81967
7.70866 1.81967
8 1.81967
8.4299 1.81967
8.78958 1.81967
9.09051 1.81967
9.34228 1.81967
9.55293 1.81967
9.72917 1.81967
9.87663 1.81967
10 1.81967
10.1033 1.81967
10.2212 1.81967
10.3555 1.81967
10.5087 1.81967
10.6833 1.81967
10.8824 1.81967
11.1095 1.81967
11.3683 1.81967
11.6635 1.81967
2.06817 2.07571
2.15166 2.07571
2.25391 2.07571
2.37915 2.07571
2.53253 2.07571
2.72038 2.07571
2.95045 2.07571
3.23223 2.07571
3.57733 2.07571
4 2.07571
4.35763 2.07571
4.67751 2.07571
4.96361 2.07571
5.21951 2.07571
5.4484 2.07571
5.65312 2.07571
5.83622 2.07571
6 2.07571
6.12826 2.07571
6.26876 2.07571
6.42267 2.07571
6.59127 2.07571
6.77596 2.07571
6.97828 2.07571
7.19992 2.07571
7.4427 2.07571
7.70866 2.07571
8 2.07571
8.4299 2.07571
8.78958 2.07571
9.09051 2.07571
9.34228 2.07571
9.55293 2.07571
9.72917 2.07571
9.87663 2.07571
10 2.07571
10.1033 2.07571
10.2212 2.07571
10.3555 2.07571
10.5087 2.07571
10.6833 2.07571
10.8824 2.07571
11.1095 2.07571
11.3683 2.07571
11.6635 2.07571
2.06817 2.35618
2.15166 2.35618
2.25391 2.35618
2.37915 2.35618
2.53253 2.35618
2.72038 2.35618
2.95045 2.35618
3.23223 2.35618
3.57733 2.35618
4 2.35618
4.35763 2.35618
4.67751 2.35618
4.96361 2.35618
5.21951 2.35618
5.4484 2.35618
5.65312 2.35618
5.83622 2.35618
6 2.35618
6.12826 2.35618
6.26876 2.35618
6.42267 2.35618
6.59127 2.35618
6.77596 2.35618
6.97828 2.35618
7.19992 2.35618
7.4427 2.35618
7.70866 2.35618
8 2.35618
8.4299 2.35618
8.78958 2.35618
9.09051 2.35618
9.34228 2.35618
9.55293 2.35618
9.72917 2.35618
9.87663 2.35618
10 2.35618
10.1033 2.35618
10.2212 2.35618
10.3555 2.35618
10.5087 2.35618
10.6833 2.35618
10.8824 2.35618
11.1095 2.35618
11.3683 2.35618
11.6635 2.35618
2.06817 2.66343
2.15166 2.66343
2.25391 2.66343
2.37915 2.66343
2.53253 2.66343
2.72038 2.66343
2.95045 2.66343
3.23223 2.66343
3.57733 2.66343
4 2.66343
4.35763 2.66343
4.67751 2.66343
4.96361 2.66343
5.21951 2.66343
5.4484 2.66343
5.65312 2.66343
5.83622 2.66343
6 2.66343
6.12826 2.66343
6.26876 2.66343
6.42267 2.66343
6.59127 2.66343
6.77596 2.66343
6.97828 2.66343
7.19992 2.66343
7.4427 2.66343
7.70866 2.66343
8 2.66343
8.4299 2.66343
8.78958 2.66343
9.09051 2.66343
9.34228 2.66343
9.55293 2.66343
9.72917 2.66343
9.87663 2.66343
10 2.66343
10.1033 2.66343
10.2212 2.66343
10.3555 2.66343
10.5087 2.66343
10.6833 2.66343
10.8824 2.66343
11.1095 2.66343
11.3683 2.66343
11.6635 2.66343
2.06817 3
2.15166 3
2.25391 3
2.37915 3
2.53253 3
2.72038 3
2.95045 3
3.23223 3
3.57733 3
4 3
6 3
6.12826 3
6.26876 3
6.42267 3
6.59127 3
6.77596 3
6.97828 3
7.19992 3
7.4427 3
7.70866 3
8 3
10 3
10.1033 3
10.2212 3
10.3555 3
10.5087 3
10.6833 3
10.8824 3
11.1095 3
11.3683 3
11.6635 3
2.06817 3.04385
2.15166 3.04385
2.25391 3.04385
2.37915 3.04385
2.53253 3.04385
2.72038 3.04385
2.95045 3.04385
3.23223 3.04385
3.57733 3.04385
6.12826 3.04385
6.26876 3.04385
6.42267 3.04385
6.59127 3.04385
6.77596 3.04385
6.97828 3.04385
7.19992 3.04385
7.4427 3.04385
7.70866 3.04385
10.1033 3.04385
10.2212 3.04385
10.3555 3.04385
10.5087 3.04385
10.6833 3.04385
10.8824 3.04385
11.1095 3.04385
11.3683 3.04385
11.6635 3.04385
2.06817 3.09385
2.15166 3.09385
2.25391 3.09385
2.37915 3.09385
2.53253 3.09385
2.72038 3.09385
2.95045 3.09385
3.23223 3.09385
3.57733 3.09385
6.12826 3.09385
6.26876 3.09385
6.42267 3.09385
6.59127 3.09385
6.77596 3.09385
6.97828 3.09385
7.19992 3.09385
7.4427 3.09385
7.70866 3.09385
10.1033 3.09385
10.2212 3.09385
10.3555 3.09385
10.5087 3.09385
10.6833 3.09385
10.8824 3.09385
11.1095 3.09385
11.3683 3.09385
11.6635 3.09385
2.06817 3.15086
2.15166 3.15086
2.25391 3.15086
2.37915 3.15086
2.53253 3.15086
2.72038 3.15086
2.95045 3.15086
3.23223 3.15086
3.57733 3.15086
6.12826 3.15086
6.26876 3.15086
6.42267 3.15086
6.59127 3.15086
6.77596 3.15086
6.97828 3.15086
7.19992 3.15086
7.4427 3.15086
7.70866 3.15086
10.1033 3.15086
10.2212 3.15086
10.3555 3.15086
10.5087 3.15086
10.6833 3.15086
10.8824 3.15086
11.1095 3.15086
11.3683 3.15086
11.6635 3.15086
2.06817 3.21586
2.15166 3.21586
2.25391 3.21586
2.37915 3.21586
2.53253 3.21586
2.72038 3.21586
2.95045 3.21586
3.23223 3.21586
3.57733 3.21586
6.12826 3.21586
6.26876 3.21586
6.42267 3.21586
6.59127 3.21586
6.77596 3.21586
6.97828 3.21586
7.19992 3.21586
7.4427 3.21586
7.70866 3.21586
10.1033 3.21586
10.2212 3.21586
10.3555 3.21586
10.5087 3.21586
10.6833 3.21586
10.8824 3.21586
11.1095 3.21586
11.3683 3.21586
11.6635 3.21586
2.06817 3.28998
2.15166 3.28998
2.25391 3.28998
2.37915 3.28998
2.53253 3.28998
2.72038 3.28998
2.95045 3.28998
3.23223 3.28998
3.57733 3.28998
6.12826 3.28998
6.26876 3.28998
6.42267 3.28998
6.59127 3.28998
6.77596 3.28998
6.97828 3.28998
7.19992 3.28998
7.4427 3.28998
7.70866 3.28998
10.1033 3.28998
10.2212 3.28998
10.3555 3.28998
10.5087 3.28998
10.6833 3.28998
10.8824 3.28998
11.1095 3.28998
11.3683 3.28998
11.6635 3.28998
2.06817 3.37448
2.15166 3.37448
2.25391 3.37448
2.37915 3.37448
2.53253 3.37448
2.72038 3.37448
2.95045 3.37448
3.23223 3.37448
3.57733 3.37448
6.12826 3.37448
6.26876 3.37448
6.42267 3.37448
6.59127 3.37448
6.77596 3.37448
6.97828 3.37448
7.19992 3.37448
7.4427 3.37448
7.70866 3.37448
10.1033 3.37448
10.2212 3.37448
10.3555 3.37448
10.5087 3.37448
10.6833 3.37448
10.8824 3.37448
11.1095 3.37448
11.3683 3.37448
11.6635 3.37448
2.06817 3.47082
2.15166 3.47082
2.25391 3.47082
2.37915 3.47082
2.53253 3.47082
2.72038 3.47082
2.95045 3.47082
3.23223 3.47082
3.57733 3.47082
6.12826 3.47082
6.26876 3.47082
6.42267 3.47082
6.59127 3.47082
6.77596 3.47082
6.97828 3.47082
7.19992 3.47082
7.4427 3.47082
7.70866 3.47082
10.1033 3.47082
10.2212 3.47082
10.3555 3.47082
10.5087 3.47082
10.6833 3.47082
10.8824 3.47082
11.1095 3.47082
11.3683 3.47082
11.6635 3.47082
2.06817 3.58067
2.15166 3.58067
2.25391 3.58067
2.37915 3.58067
2.53253 3.58067
2.72038 3.58067
2.95045 3.58067
3.23223 3.58067
3.57733 3.58067
6.12826 3.58067
6.26876 3.58067
6.42267 3.58067
6.59127 3.58067
6.77596 3.58067
6.97828 3.58067
7.19992 3.58067
7.4427 3.58067
7.70866 3.58067
10.1033 3.58067
10.2212 3.58067
10.3555 3.58067
10.5087 3.58067
10.6833 3.58067
10.8824 3.58067
11.1095 3.58067
11.3683 3.58067
11.6635 3.58067
2.06817 3.70592
2.15166 3.70592
2.25391 3.70592
2.37915 3.70592
2.53253 3.70592
2.72038 3.70592
2.95045 3.70592
3.23223 3.70592
3.57733 3.70592
6.12826 3.70592
6.26876 3.70592
6.42267 3.70592
6.59127 3.70592
6.77596 3.70592
6.97828 3.70592
7.19992 3.70592
7.4427 3.70592
7.70866 3.70592
10.1033 3.70592
10.2212 3.70592
10.3555 3.70592
10.5087 3.70592
10.6833 3.70592
10.8824 3.70592
11.1095 3.70592
11.3683 3.70592
11.6635 3.70592
2.06817 3.84873
2.15166 3.84873
2.25391 3.84873
2.37915 3.84873
2.53253 3.84873
2.72038 3.84873
2.95045 3.84873
3.23223 3.84873
3.57733 3.84873
6.12826 3.84873
6.26876 3.84873
6.42267 3.84873
6.59127 3.84873
6.77596 3.84873
6.97828 3.84873
7.19992 3.84873
7.4427 3.84873
7.70866 3.84873
10.1033 3.84873
10.2212 3.84873
10.3555 3.84873
10.5087 3.84873
10.6833 3.84873
10.8824 3.84873
11.1095 3.84873
11.3683 3.84873
11.6635 3.84873
2.06817 4.01155
2.15166 4.01155
2.25391 4.01155
2.37915 4.01155
2.53253 4.01155
2.72038 4.01155
2.95045 4.01155
3.23223 4.01155
3.57733 4.01155
6.12826 4.01155
6.26876 4.01155
6.42267 4.01155
6.59127 4.01155
6.77596 4.01155
6.97828 4.01155
7.19992 4.01155
7.4427 4.01155
7.70866 4.01155
10.1033 4.01155
10.2212 4.01155
10.3555 4.01155
10.5087 4.01155
10.6833 4.01155
10.8824 4.01155
11.1095 4.01155
11.3683 4.01155
11.6635 4.01155
2.06817 4.1972
2.15166 4.1972
2.25391 4.1972
2.37915 4.1972
2.53253 4.1972
2.72038 4.1972
2.95045 4.1972
3.23223 4.1972
3.57733 4.1972
6.12826 4.1972
6.26876 4.1972
6.42267 4.1972
6.59127 4.1972
6.77596 4.1972
6.97828 4.1972
7.19992 4.1972
7.4427 4.1972
7.70866 4.1972
10.1033 4.1972
10.2212 4.1972
10.3555 4.1972
10.5087 4.1972
10.6833 4.1972
10.8824 4.1972
11.1095 4.1972
11.3683 4.1972
11.6635 4.1972
2.06817 4.40887
2.15166 4.40887
2.25391 4.40887
2.37915 4.40887
2.53253 4.40887
2.72038 4.40887
2.95045 4.40887
3.23223 4.40887
3.57733 4.40887
6.12826 4.40887
6.26876 4.40887
6.42267 4.40887
6.59127 4.40887
6.77596 4.40887
6.97828 4.40887
7.19992 4.40887
7.4427 4.40887
7.70866 4.40887
10.1033 4.40887
10.2212 4.40887
10.3555 4.40887
10.5087 4.40887
10.6833 4.40887
10.8824 4.40887
11.1095 4.40887
11.3683 4.40887
11.6635 4.40887
2.06817 4.65022
2.15166 4.65022
2.25391 4.65022
2.37915 4.65022
2.53253 4.65022
2.72038 4.65022
2.95045 4.65022
3.23223 4.65022
3.57733 4.65022
6.12826 4.65022
6.26876 4.65022
6.42267 4.65022
6.59127 4.65022
6.77596 4.65022
6.97828 4.65022
7.19992 4.65022
7.4427 4.65022
7.70866 4.65022
10.1033 4.65022
10.2212 4.65022
10.3555 4.65022
10.5087 4.65022
10.6833 4.65022
10.8824 4.65022
11.1095 4.65022
11.3683 4.65022
11.6635 4.65022
2.06817 4.92539
2.15166 4.92539
2.25391 4.92539
2.37915 4.92539
2.53253 4.92539
2.72038 4.92539
2.95045 4.92539
3.23223 4.92539
3.57733 4.92539
6.12826 4.92539
6.26876 4.92539
6.42267 4.92539
6.59127 4.92539
6.77596 4.92539
6.97828 4.92539
7.19992 4.92539
7.4427 4.92539
7.70866 4.92539
10.1033 4.92539
10.2212 4.92539
10.3555 4.92539
10.5087 4.92539
10.6833 4.92539
10.8824 4.92539
11.1095 4.92539
11.3683 4.92539
11.6635 4.92539
2.06817 5.23913
2.15166 5.23913
2.25391 5.23913
2.37915 5.23913
2.53253 5.23913
2.72038 5.23913
2.95045 5.23913
3.23223 5.23913
3.57733 5.23913
6.12826 5.23913
6.26876 5.23913
6.42267 5.23913
6.59127 5.23913
6.77596 5.23913
6.97828 5.23913
7.19992 5.23913
7.4427 5.23913
7.70866 5.23913
10.1033 5.23913
10.2212 5.23913
10.3555 5.23913
10.5087 5.23913
10.6833 5.23913
10.8824 5.23913
11.1095 5.23913
11.3683 5.23913
11.6635 5.23913
2.06817 5.59686
2.15166 5.59686
2.25391 5.59686
2.37915 5.59686
2.53253 5.59686
2.72038 5.59686
2.95045 5.59686
3.23223 5.59686
3.57733 5.59686
6.12826 5.59686
6.26876 5.59686
6.42267 5.59686
6.59127 5.59686
6.77596 5.59686
6.97828 5.59686
7.19992 5.59686
7.4427 5.59686
7.70866 5.59686
10.1033 5.59686
10.2212 5.59686
10.3555 5.59686
10.5087 5.59686
10.6833 5.59686
10.8824 5.59686
11.1095 5.59686
11.3683 5.59686
11.6635 5.59686
2.06817 6.00473
2.15166 6.00473
2.25391 6.00473
2.37915 6.00473
2.53253 6.00473
2.72038 6.00473
2.95045 6.00473
3.23223 6.00473
3.57733 6.00473
6.12826 6.00473
6.26876 6.00473
6.42267 6.00473
6.59127 6.00473
6.77596 6.00473
6.97828 6.00473
7.19992 6.00473
7.4427 6.00473
7.70866 6.00473
10.1033 6.00473
10.2212 6.00473
10.3555 6.00473
10.5087 6.00473
10.6833 6.00473
10.8824 6.00473
11.1095 6.00473
11.3683 6.00473
11.6635 6.00473
2.06817 6.46977
2.15166 6.46977
2.25391 6.46977
2.37915 6.46977
2.53253 6.46977
2.72038 6.46977
2.95045 6.46977
3.23223 6.46977
3.57733 6.46977
6.12826 6.46977
6.26876 6.46977
6.42267 6.46977
6.59127 6.46977
6.77596 6.46977
6.97828 6.46977
7.19992 6.46977
7.4427 6.46977
7.70866 6.46977
10.1033 6.46977
10.2212 6.46977
10.3555 6.46977
10.5087 6.46977
10.6833 6.46977
10.8824 6.46977
11.1095 6.46977
11.3683 6.46977
11.6635 6.46977
